57.0138021666666617 9.98617833333333317
57.0138029 9.98617966666666717
57.0138029 9.98617959
57.0138018333333317 9.98617983333333317
57.0138023333333317 9.98617966666666717
57.0138029 9.98617959
57.013801510 9.98617933333333217
57.0138011666666717 9.98617983333333317
57.0138019 9.98617966666666717
57.0138008333333317 9.98617959
57.0138008333333317 9.98617959
57.0138008333333317 9.98617999999999917
57.0138011666666717 9.98618116666666617
57.0138013333333317 9.98618166666666717
57.0138016666666717 9.98618199999999917
57.0138029 9.98618266666666617
57.0138026666666617 9.98618316666666717
57.0138033333333417 9.98618349999999917
57.013804510 9.98618383333333317
57.013805510 9.98618333333333317
57.0138069 9.98618259
57.0138061666666717 9.98618216666666717
57.0138066666666717 9.98618233333333417
57.0138071666666717 9.98618233333333417
57.013807510 9.98618166666666717
57.0138081666666617 9.98618233333333417
57.0138088333333417 9.98618259
57.013818 9.98618259
57.0138119 9.98618166666666717
57.0138118333333417 9.98618116666666617
57.0138121666666717 9.98618083333333417
57.0138129 9.98618059
57.0138118333333417 9.98618066666666617
57.0138121666666717 9.98617916666666617
57.0138128333333317 9.98617716666666617
57.0138139 9.98617583333333417
57.013812510 9.98617483333333317
57.0138123333333317 9.98617366666666617
57.0138121666666717 9.98617259
57.0138118333333417 9.98617149999999917
57.0138113333333317 9.986177
57.0138106666666617 9.98616866666666617
57.0138113333333317 9.98616566666666617
57.013811510 9.98616283333333317
57.013811510 9.98616233333333317
57.0138113333333317 9.98616250000000117
57.0138118333333417 9.98616183333333417
57.0138121666666717 9.98616159
57.0138118333333417 9.98616299999999917
57.0138129 9.98616266666666717
57.013811510 9.98616333333333217
57.0138129 9.98616299999999917
57.0138129 9.98616083333333317
57.0138129 9.98615859
57.013812510 9.98615633333333417
57.0138128333333317 9.98615316666666617
57.0138128333333317 9.98615049999999917
57.0138128333333317 9.98614850000000117
57.0138128333333317 9.98614833333333317
57.0138126666666717 9.98614899999999917
57.0138126666666717 9.98614916666666717
57.0138139 9.98614850000000117
57.0138139 9.9861468
57.0138123333333317 9.98614366666666717
57.0138111666666617 9.98614133333333417
57.0138103333333317 9.98613966666666617
57.0138098333333317 9.98613849999999917
57.0138101666666717 9.98613699999999917
57.0138096666666717 9.98613516666666517
57.0138096666666717 9.98613416666666617
57.0138101666666717 9.98613259
57.0138103333333317 9.98613166666666717
57.013818 9.98613133333333317
57.013809510 9.98613116666666717
57.0138081666666617 9.98613349999999917
57.0138063333333317 9.98613783333333217
57.0138056666666617 9.98613783333333217
57.0138053333333317 9.98613666666666717
57.0138041666666717 9.98613566666666617
57.013802510 9.98613483333333317
57.0138008333333317 9.98613433333333417
57.0137996666666617 9.98613383333333217
57.0137988333333317 9.98613283333333317
57.0137971666666717 9.98613459
57.0137953333333317 9.98613616666666617
57.0137926666666717 9.98613583333333417
57.013791510 9.98613416666666617
57.0137911666666617 9.98613383333333217
57.0137908333333317 9.9861348
57.0137903333333317 9.98613466666666717
57.0137903333333317 9.98613459
57.013790510 9.98613500000000117
57.0137908333333317 9.98613683333333317
57.0137929 9.98613566666666617
57.0137923333333317 9.98613699999999917
57.013793510 9.98614183333333317
57.0137931666666717 9.98614850000000117
57.0137926666666717 9.98615049999999917
57.0137916666666717 9.98615283333333417
57.0137911666666617 9.98615433333333317
57.0137919 9.98615383333333317
57.0137908333333317 9.98615249999999917
57.013790510 9.98615416666666717
57.0137913333333317 9.9861558
57.0137911666666617 9.98615583333333317
57.0137911666666617 9.98615733333333317
57.0137918333333417 9.98616016666666617
57.0137923333333317 9.98616366666666617
57.0137941666666617 9.98616716666666617
57.0137956666666717 9.98617233333333417
57.013796510 9.98617716666666617
57.0137971666666717 9.98618299999999917
57.0137986666666717 9.98618733333333417
57.0137996666666617 9.98619350000000117
57.013800510 9.98619833333333217
57.013800510 9.98620166666666617
57.0138019 9.98620659
57.0138008333333317 9.98620859
57.013802510 9.98621299999999917
57.013803510 9.98621633333333317
57.0138038333333317 9.98622116666666717
57.0138041666666717 9.98622533333333417
57.0138036666666717 9.98622683333333317
57.013803510 9.9862298
57.0138038333333317 9.98623183333333317
57.013802510 9.98623233333333417
57.0138026666666617 9.98623383333333317
57.0138033333333417 9.98623566666666717
57.013803510 9.98623933333333217
57.0138023333333317 9.98624083333333317
57.013801510 9.98624333333333217
57.0138011666666717 9.98624666666666617
57.0138006666666617 9.98624683333333317
57.013801510 9.986257
57.0138016666666717 9.98625433333333317
57.0138016666666717 9.98625983333333317
57.013801510 9.98626100000000117
57.0138006666666617 9.98625883333333217
57.0138006666666617 9.98626059
57.0138013333333317 9.98626233333333217
57.0138029 9.98626383333333417
57.0138049 9.98626566666666617
57.013805510 9.98627033333333417
57.0138078333333317 9.98627533333333317
57.0138088333333417 9.98627516666666717
57.0138106666666617 9.98627916666666617
57.0138139 9.98628459
57.0138151666666717 9.98628716666666717
57.0138163333333317 9.98628899999999917
57.0138173333333417 9.98629033333333317
57.0138176666666717 9.98628866666666717
57.0138186666666717 9.98628759
57.0138199 9.98628759
57.0138188333333317 9.98628783333333417
57.013828 9.98628833333333317
57.0138216666666717 9.98629416666666717
57.0138223333333317 9.98629359
57.013822510 9.98629366666666717
57.0138223333333317 9.98629233333333317
57.0138221666666617 9.98629249999999917
57.0138226666666717 9.9862938
57.013823510 9.98629483333333417
57.0138241666666717 9.98629599999999917
57.0138251666666617 9.98629716666666717
57.0138269 9.98629866666666617
57.0138266666666717 9.98629916666666717
57.0138279 9.98629983333333217
57.0138268333333317 9.98629866666666617
57.0138271666666717 9.9862988
57.0138276666666617 9.98629566666666517
57.0138281666666717 9.98629433333333317
57.0138283333333417 9.98629133333333417
57.0138288333333317 9.98628759
57.0138291666666717 9.98628516666666717
57.0138291666666717 9.98628116666666617
57.0138296666666717 9.98627633333333317
57.0138303333333317 9.98627316666666717
57.0138308333333317 9.98626933333333317
57.0138308333333317 9.98626183333333417
57.0138306666666617 9.98625183333333417
57.0138319 9.98624333333333217
57.0138308333333317 9.98623350000000117
57.013830510 9.98622300000000117
57.0138303333333317 9.98621433333333317
57.0138303333333317 9.98620633333333417
57.0138306666666617 9.98619933333333317
57.0138311666666717 9.98619659
57.0138318333333317 9.98619459
57.0138321666666717 9.9861938
57.0138339 9.98619433333333217
57.0138349 9.98619566666666517
57.0138341666666717 9.98619516666666717
57.0138338333333417 9.98619333333333317
57.0138341666666717 9.98619459
57.0138343333333417 9.9861958
57.0138343333333417 9.98619566666666517
57.0138341666666717 9.98619633333333417
57.0138341666666717 9.9861988
57.0138338333333417 9.9861988
57.0138336666666617 9.98619899999999917
57.0138338333333417 9.98620099999999917
57.0138341666666717 9.98620316666666617
57.0138349 9.98620516666666617
57.0138346666666617 9.98620866666666617
57.0138343333333417 9.98620933333333317
57.0138336666666617 9.98621016666666617
57.0138331666666617 9.98621066666666717
57.0138326666666717 9.98621033333333417
57.0138333333333317 9.98621466666666717
57.0138339 9.98621483333333317
57.0138328333333317 9.98621583333333317
57.013832510 9.9862158
57.0138329 9.9862158
57.0138323333333317 9.98621933333333317
57.013832510 9.98622316666666717
57.0138326666666717 9.98622716666666817
57.0138321666666717 9.98623266666666617
57.0138313333333417 9.98623316666666717
57.0138298333333317 9.9862318
57.0138281666666717 9.98622759
57.0138271666666717 9.98622759
57.0138269 9.98622450000000117
57.0138253333333417 9.98622416666666617
57.0138251666666617 9.98622566666666617
57.0138246666666617 9.9862268
57.0138241666666717 9.98622516666666717
57.0138249 9.98622616666666717
57.0138238333333317 9.98622666666666517
57.013823510 9.98622683333333317
57.0138233333333317 9.98622766666666617
57.0138231666666717 9.98623033333333317
57.013822510 9.98623066666666617
57.0138218333333317 9.98623150000000117
57.013820510 9.98623350000000117
57.013828 9.98623649999999917
57.0138198333333417 9.98623866666666717
57.013828 9.986247
57.0138201666666717 9.98624033333333317
57.0138201666666717 9.98624133333333417
57.0138201666666717 9.98624200000000117
57.0138206666666717 9.98624583333333317
57.0138213333333317 9.98624966666666617
57.0138216666666717 9.98624959
57.0138218333333317 9.98624766666666717
57.0138206666666717 9.98624366666666717
57.0138198333333417 9.98624133333333417
57.0138199 9.98623766666666617
57.013818510 9.98623683333333317
57.0138176666666717 9.98623483333333317
57.013816510 9.98623033333333317
57.0138169 9.98622959
57.0138168333333317 9.98622716666666817
57.0138166666666617 9.98622516666666717
57.013816510 9.98622383333333217
57.0138153333333317 9.98622166666666717
57.0138159 9.98622216666666617
57.013814510 9.98622099999999917
57.0138141666666717 9.98622149999999917
57.0138133333333317 9.98621983333333317
57.0138128333333317 9.98621799999999917
57.0138123333333317 9.98621666666666717
57.0138116666666717 9.98621416666666717
57.013811510 9.98621366666666617
57.0138129 9.98621383333333217
57.0138121666666717 9.98621233333333317
57.013812510 9.98621159
57.0138121666666717 9.98621133333333317
57.0138123333333317 9.98620966666666717
57.0138121666666717 9.98620733333333317
57.0138118333333417 9.98620616666666717
57.0138116666666717 9.98620550000000117
57.0138116666666717 9.98620366666666617
57.013811510 9.98620159
57.0138111666666617 9.98626
57.013810510 9.98619766666666717
57.0138098333333317 9.98619483333333417
57.0138099 9.98619233333333317
57.0138088333333417 9.9861918
57.0138086666666717 9.98618966666666617
57.0138081666666617 9.98618733333333417
57.0138071666666717 9.98618433333333217
57.0138063333333317 9.98618266666666617
57.0138058333333317 9.98618133333333317
57.0138059 9.98617933333333217
57.0138041666666717 9.98617833333333317
57.0138033333333417 9.98617759
57.0138028333333417 9.98617683333333317
57.0138029 9.98617516666666717
57.0138016666666717 9.98617599999999917
57.0138018333333317 9.98617716666666617
57.0138021666666617 9.98617866666666717
57.0138039 9.98618083333333417
57.0138039 9.98618016666666517
57.013803510 9.98618216666666717
57.013803510 9.98618059
57.013804510 9.98618133333333317
57.0138059 9.98618199999999917
57.0138056666666617 9.98618233333333417
57.0138048333333317 9.98617783333333317
57.0138051666666617 9.98617559
57.0138046666666717 9.98617133333333317
57.013804510 9.98617016666666617
57.013804510 9.98616750000000117
57.0138046666666717 9.9861678
57.0138048333333317 9.9861678
57.0138046666666717 9.98616633333333317
57.0138031666666717 9.98615933333333317
57.01387 9.98614716666666717
57.0137978333333417 9.98613866666666717
57.0137946666666717 9.98612666666666717
57.0137908333333317 9.98611066666666717
57.013787510 9.98609533333333317
57.0137846666666717 9.98608216666666617
57.0137799 9.98605983333333417
57.0137771666666617 9.98605066666666717
57.013773510 9.98603566666666617
57.0137726666666617 9.98603066666666617
57.0137731666666717 9.98603066666666617
57.0137719 9.9860228
57.013778 9.98601699999999917
57.0137706666666717 9.986027
57.0137708333333317 9.98602116666666717
57.0137716666666617 9.98603033333333417
57.013773510 9.98604383333333317
57.0137761666666717 9.98605516666666717
57.0137788333333317 9.98606599999999917
57.0137821666666717 9.98607859
57.0137848333333317 9.98609033333333317
57.0137871666666717 9.98610216666666717
57.0137896666666617 9.98611050000000117
57.0137906666666717 9.9861178
57.0137923333333317 9.9861248
57.0137956666666717 9.98613616666666617
57.0137988333333317 9.98614759
57.0138036666666717 9.98616433333333317
57.0138079 9.98617533333333417
57.0138088333333417 9.98618116666666617
57.013809510 9.98618500000000117
57.0138111666666617 9.98619200000000117
57.013814510 9.98620233333333317
57.0138158333333317 9.98621033333333417
57.0138179 9.98621799999999917
57.013817510 9.9862228
57.0138178333333317 9.98622516666666717
57.0138183333333317 9.98622566666666617
57.0138183333333317 9.9862278
57.013818510 9.98622849999999917
57.0138199 9.98623000000000117
57.013828 9.98623166666666717
57.0138201666666717 9.98623350000000117
57.0138213333333317 9.9862368
57.0138228333333417 9.98623983333333417
57.013823510 9.98624116666666617
57.0138233333333317 9.98624049999999917
57.0138231666666717 9.98623866666666717
57.0138249 9.98624033333333317
57.0138248333333317 9.98624316666666617
57.0138253333333417 9.98624333333333217
57.0138256666666717 9.98624333333333217
57.0138261666666717 9.98624433333333417
57.0138266666666717 9.98624399999999917
57.0138279 9.98624483333333217
57.0138279 9.98624459
57.013827510 9.98624583333333317
57.0138289 9.9862468
57.0138273333333317 9.9862458
57.0138266666666717 9.98624359
57.0138263333333317 9.98624359
57.0138266666666717 9.98624333333333217
57.0138268333333317 9.98624416666666717
57.0138266666666717 9.98624333333333217
57.013826510 9.98624216666666717
57.0138268333333317 9.98624316666666617
57.0138271666666717 9.98624550000000117
57.0138281666666717 9.98624659
57.0138283333333417 9.98624683333333317
57.0138286666666717 9.98624700000000117
57.0138293333333317 9.98624883333333317
57.013838 9.98624983333333417
57.0138301666666617 9.98624983333333417
57.0138298333333317 9.98624966666666617
57.0138296666666717 9.98625050000000117
57.0138298333333317 9.98625016666666617
57.0138298333333317 9.98625199999999917
57.0138296666666717 9.98625159
57.0138291666666717 9.98625166666666617
57.0138299 9.98625159
57.0138293333333317 9.98625366666666617
57.013829510 9.98625616666666517
57.0138298333333317 9.98625783333333317
57.013830510 9.98625983333333317
57.0138308333333317 9.98626066666666617
57.013831510 9.98626183333333417
57.013831510 9.98626059
57.0138329 9.98626066666666617
57.013833510 9.9862648
57.0138346666666617 9.98626559
57.0138351666666717 9.98626600000000117
57.0138348333333317 9.9862658
57.0138358333333317 9.98626816666666717
57.0138363333333317 9.98626966666666717
57.013837510 9.98627283333333317
57.0138386666666617 9.98627566666666617
57.0138391666666617 9.98627716666666717
57.013839510 9.98627783333333217
57.013848 9.98628116666666617
57.0138406666666717 9.98628233333333317
57.0138413333333317 9.98628116666666617
57.0138416666666617 9.98628016666666517
57.0138426666666717 9.98627866666666717
57.0138433333333317 9.98627733333333417
57.0138406666666717 9.9862558
57.0138398333333417 9.98624859
57.0138381666666717 9.98624216666666717
57.013837510 9.98623566666666717
57.0138383333333317 9.98623759
57.0138389 9.98623616666666617
57.0138391666666617 9.98623983333333417
57.0138393333333417 9.98623866666666717
57.0138398333333417 9.98623966666666617
57.013848 9.98623833333333317
57.0138401666666617 9.98623333333333317
57.013841510 9.9862338
57.0138416666666617 9.98623116666666617
57.0138423333333417 9.98622816666666717
57.0138426666666717 9.98622849999999917
57.013843510 9.98622516666666717
57.013842510 9.98621433333333317
57.0138413333333317 9.9862088
57.0138416666666617 9.98620583333333317
57.013842510 9.98620249999999917
57.0138423333333417 9.98620066666666717
57.0138421666666717 9.9861938
57.0138426666666717 9.98618759
57.0138416666666617 9.98618216666666717
57.0138413333333317 9.98618016666666517
57.0138418333333317 9.98617283333333317
57.0138431666666717 9.98616566666666617
57.0138449 9.98616299999999917
57.0138459 9.98615983333333417
57.013845510 9.98615933333333317
57.0138451666666617 9.98615816666666617
57.0138463333333317 9.98615550000000117
57.0138468333333317 9.986157
57.0138468333333317 9.98614616666666617
57.0138466666666717 9.98614116666666617
57.013846510 9.98613533333333317
57.0138466666666717 9.98612800000000117
57.0138461666666717 9.98611750000000117
57.013845510 9.98610883333333317
57.0138461666666717 9.98610366666666717
57.0138481666666717 9.9860988
57.0138518333333317 9.98609216666666717
57.0138556666666617 9.98608616666666617
57.013857510 9.98608300000000117
57.013860510 9.98608059
57.0138626666666717 9.98607566666666617
57.0138631666666717 9.98606833333333417
57.013868 9.98606133333333417
57.0138576666666717 9.98605366666666717
57.0138561666666617 9.98604959
57.0138549 9.98604466666666617
57.0138514999999917 9.98603149999999917
57.0138513333333317 9.98602583333333317
57.013849510 9.9860188
57.0138471666666617 9.98600959
57.0138446666666617 9.9860068
57.0138433333333317 9.98600583333333317
57.0138418333333317 9.98600483333333217
57.0138439 9.98600166666666717
57.0138411666666717 9.98599166666666717
57.013841510 9.98599233333333417
57.0138418333333317 9.9859968
57.0138433333333317 9.98599733333333417
57.013844510 9.98599866666666717
57.0138463333333317 9.9860018
57.0138486666666717 9.98600583333333317
57.0138511666666717 9.98601283333333417
57.0138536666666717 9.98601583333333317
57.0138569 9.98601483333333417
57.0138599 9.98601359
57.0138599 9.9860118
57.013858510 9.98601016666666717
57.013858510 9.98600959
57.013858510 9.98600583333333317
57.013868 9.98600583333333317
57.0138629 9.98600516666666717
57.0138653333333417 9.98600749999999917
57.0138676666666617 9.98600700000000117
57.0138693333333317 9.98600659
57.0138721666666717 9.98600733333333317
57.0138736666666717 9.98600733333333317
57.0138778333333317 9.98600766666666817
57.0138811666666617 9.98600416666666617
57.0138869 9.98600659
57.0138883333333317 9.98600816666666617
57.013891510 9.98600816666666617
57.0138931666666717 9.9860088
57.0138979 9.98601050000000117
57.0138986666666717 9.98601200000000117
57.0139011666666617 9.9860138
57.0139031666666717 9.98601333333333417
57.0139036666666617 9.98601366666666717
57.0139048333333317 9.98601583333333317
57.0139069 9.98601683333333217
57.013905510 9.98601866666666617
57.0139056666666717 9.98602133333333317
57.0139061666666617 9.98602483333333317
57.0139069 9.98602783333333317
57.0139053333333317 9.98602916666666717
57.013903510 9.98603266666666717
57.013899510 9.98603559
57.0138969 9.98603866666666717
57.0138918333333317 9.98604166666666717
57.0138893333333317 9.98604383333333317
57.0138881666666717 9.98604383333333317
57.0138881666666717 9.98604459
57.0138918333333317 9.98604459
57.0138949 9.98604983333333317
57.0138921666666617 9.98605159
57.0138939 9.98605700000000117
57.0138939 9.98606066666666517
57.013893510 9.98606333333333417
57.0138939 9.98606916666666717
57.0138941666666717 9.98607600000000117
57.0138941666666717 9.98608059
57.0138941666666717 9.98608416666666617
57.0138936666666717 9.98608816666666717
57.013894510 9.98609116666666617
57.013894510 9.98609383333333317
57.0138936666666717 9.98609699999999917
57.0138916666666717 9.98610016666666717
57.0138896666666617 9.98610433333333317
57.0138891666666717 9.98610816666666617
57.0138889 9.98611050000000117
57.0138889 9.98611099999999917
57.0138878333333417 9.98611400000000117
57.0138891666666717 9.98611666666666617
57.013887510 9.98611766666666717
57.0138871666666617 9.98612059
57.013887510 9.98612333333333317
57.0138881666666717 9.98612933333333317
57.0138891666666717 9.98613383333333217
57.0138893333333317 9.98613683333333317
57.0138898333333317 9.9861418
57.0138908333333317 9.98614283333333417
57.013893510 9.98614633333333417
57.013895510 9.98615016666666717
57.0138963333333317 9.98615159
57.0138988333333417 9.98615516666666617
57.013899510 9.98615716666666717
57.0139023333333317 9.98616359
57.0139079 9.98617149999999917
57.013912510 9.98618083333333417
57.013917510 9.98618833333333317
57.0139271666666717 9.98620249999999917
57.013928510 9.98620599999999917
57.0139286666666617 9.98620916666666717
57.0139288333333317 9.98621266666666717
57.0139281666666717 9.98621466666666717
57.0139293333333317 9.98622016666666717
57.0139293333333317 9.98622333333333317
57.0139296666666617 9.98622666666666517
57.0139278333333317 9.98622733333333417
57.0139261666666617 9.98622816666666717
57.0139243333333417 9.98623000000000117
57.0139189 9.98622716666666817
57.0139168333333317 9.98622966666666717
57.0139153333333417 9.98623233333333417
57.0139148333333317 9.98623699999999917
57.013912510 9.98623783333333417
57.0139129 9.98624533333333317
57.0139101666666717 9.9862488
57.013904510 9.98624883333333317
57.0138981666666617 9.98624966666666617
57.0138933333333417 9.98624783333333417
57.0138873333333417 9.98624866666666717
57.0138828333333317 9.98624959
57.0138801666666717 9.98624900000000117
57.0138741666666717 9.98624966666666617
57.0138683333333317 9.98625199999999917
57.0138626666666717 9.98625366666666617
57.0138586666666617 9.98625633333333317
57.013855510 9.98625949999999917
57.013852510 9.98626366666666617
57.013849510 9.98626559
57.0138451666666617 9.98626866666666617
57.0138426666666717 9.98627083333333417
57.0138386666666617 9.98627383333333417
57.0138351666666717 9.9862788
57.0138329 9.98628183333333317
57.0138301666666617 9.98628483333333317
57.0138289 9.98628616666666617
57.0138253333333417 9.98628883333333317
57.0138241666666717 9.98629266666666717
57.013823510 9.9862958
57.0138239 9.98629550000000117
57.0138231666666717 9.98629816666666617
57.0138206666666717 9.98630016666666617
57.0138193333333317 9.98630133333333317
57.0138176666666717 9.98630133333333317
57.0138161666666617 9.98630183333333417
57.0138141666666717 9.98630359
57.0138139 9.98630316666666817
57.0138126666666717 9.98630299999999917
57.0138123333333317 9.98630400000000117
57.0138126666666717 9.98630483333333417
57.0138126666666717 9.98630433333333317
57.0138129 9.98630316666666817
57.0138106666666617 9.98630216666666617
57.0138091666666717 9.98630016666666617
57.0138078333333317 9.98629900000000117
57.0138079 9.98629859
57.013806510 9.98629859
57.0138068333333317 9.98629783333333317
57.0138071666666717 9.98629733333333317
57.0138071666666717 9.98629699999999917
57.0138073333333317 9.98629633333333417
57.013807510 9.98629633333333417
57.0138076666666617 9.98629633333333417
57.0138089 9.98629816666666617
57.013808510 9.98629859
57.0138073333333317 9.98636
57.0138073333333317 9.98630016666666617
57.0138076666666617 9.98630083333333317
57.0138081666666617 9.98630159
57.0138099 9.98630099999999917
57.0138096666666717 9.98630216666666617
57.0138103333333317 9.98630116666666717
57.0138103333333317 9.98630016666666617
57.0138101666666717 9.98636
57.0138101666666717 9.98629966666666617
57.0138119 9.98629916666666717
57.0138116666666717 9.98629933333333317
57.0138129 9.98629916666666717
57.0138126666666717 9.98629933333333317
57.0138139 9.98629900000000117
57.0138131666666717 9.98629883333333317
57.0138133333333317 9.98629966666666617
57.0138136666666617 9.98630016666666617
57.0138136666666617 9.98636
57.0138131666666717 9.98630033333333417
57.0138138333333317 9.98630099999999917
57.0138146666666717 9.98630216666666617
57.0138151666666717 9.98630483333333417
57.0138156666666717 9.98630659
57.0138163333333317 9.98630683333333417
57.0138186666666717 9.98631216666666617
57.0138211666666717 9.98631499999999917
57.0138223333333317 9.98631759
57.013823510 9.98631933333333217
57.0138246666666617 9.98631999999999917
57.0138259 9.98631999999999917
57.0138256666666717 9.98632166666666717
57.013826510 9.98632216666666817
