57.0138128333333317 9.98614399999999917
57.0138118333333417 9.98614116666666617
57.0138108333333317 9.98613733333333417
57.0138088333333417 9.98613559
57.0138061666666717 9.98613259
57.0138049 9.98612966666666717
57.013800510 9.98612883333333417
57.0137983333333317 9.98612759
57.0137966666666617 9.9861278
57.0137953333333317 9.9861278
57.0137936666666617 9.98612733333333417
57.0137966666666617 9.98613366666666717
57.0137946666666717 9.98613866666666717
57.0137938333333317 9.98614259
57.0137918333333417 9.98614549999999917
57.0137901666666717 9.98614983333333417
57.0137856666666617 9.98615633333333417
57.0137819 9.98616016666666617
57.013784510 9.98616159
57.0137899 9.98616416666666717
57.0137989 9.9861648
57.0138039 9.98616466666666717
57.0138099 9.98616599999999917
57.0138189 9.9861678
57.0138196666666717 9.98617149999999917
57.0138203333333417 9.98617450000000117
57.0138233333333317 9.98617783333333317
57.0138248333333317 9.98618150000000117
57.0138248333333317 9.98618616666666617
57.013825510 9.9861898
57.0138266666666717 9.98618983333333317
57.0138289 9.9861938
57.013827510 9.98619466666666617
57.0138303333333317 9.98619766666666717
57.013838 9.98620066666666717
57.0138296666666717 9.98620216666666717
57.0138293333333317 9.98620433333333317
57.013828510 9.98620633333333417
57.013828510 9.98620916666666717
57.0138283333333417 9.98620883333333317
57.0138281666666717 9.98620883333333317
57.0138281666666717 9.98620783333333317
57.0138271666666717 9.98620933333333317
57.0138258333333417 9.98621216666666617
57.0138246666666617 9.9862158
57.0138238333333317 9.98621683333333417
57.0138226666666717 9.98621733333333417
57.0138219 9.9862198
57.0138193333333317 9.98622016666666717
57.0138178333333317 9.98622033333333417
57.0138166666666617 9.98622033333333417
57.0138159 9.98622066666666617
57.0138136666666617 9.9862228
57.0138129 9.98622283333333317
57.013818 9.98622349999999917
57.0138081666666617 9.9862248
57.013806510 9.98622416666666617
57.0138049 9.9862248
57.0138003333333417 9.98622566666666617
57.0137961666666717 9.98622716666666817
57.0137939 9.98622833333333317
57.0137919 9.98622933333333217
57.0137894999999917 9.9862298
57.0137899 9.98622783333333317
57.013787510 9.98622816666666717
57.0137848333333317 9.9862298
57.0137831666666717 9.98622959
57.0137821666666717 9.98622983333333317
57.0137811666666717 9.98622883333333417
57.0137801666666617 9.98622849999999917
57.0137796666666617 9.98622816666666717
57.0137806666666717 9.98622833333333317
57.0137821666666717 9.98622783333333317
57.013783510 9.98622783333333317
57.0137846666666717 9.98622766666666617
57.013785510 9.98622649999999917
57.0137861666666717 9.98622516666666717
57.0137879 9.98622366666666717
57.0137881666666617 9.9862228
57.0137901666666717 9.98621999999999917
57.0137929 9.98621716666666617
57.0137938333333317 9.98621466666666717
57.0137958333333317 9.98621250000000117
57.0137968333333317 9.98621099999999917
57.0137978333333417 9.98620983333333417
57.0137999 9.98620883333333317
57.0137996666666617 9.98620816666666817
57.0137991666666717 9.98620866666666617
57.0137996666666617 9.9862088
57.0137988333333317 9.98620766666666717
57.0137978333333417 9.98620733333333317
57.0137973333333417 9.98620683333333417
57.0137968333333317 9.98620599999999917
57.0137963333333317 9.98620516666666617
57.0137959 9.98620449999999917
57.0137943333333317 9.98620466666666817
57.0137949 9.98620433333333317
57.0137938333333317 9.9862058
57.0137928333333317 9.98620659
57.0137929 9.98620783333333317
57.0137919 9.98620966666666717
57.0137898333333317 9.98621183333333417
57.013788510 9.98621433333333317
57.0137878333333317 9.98621649999999917
57.013786510 9.98621859
57.0137858333333317 9.98622016666666717
57.0137853333333317 9.98622216666666617
57.0137841666666717 9.98622366666666717
57.0137838333333317 9.98622383333333217
57.0137826666666617 9.98622433333333217
57.0137811666666717 9.98622433333333217
57.013780510 9.98622416666666617
57.0137796666666617 9.98622383333333217
57.0137791666666717 9.98622316666666717
57.0137786666666717 9.98622266666666617
57.013777510 9.98622233333333417
57.0137771666666617 9.98622149999999917
57.0137781666666617 9.98622066666666617
57.0137781666666617 9.98622033333333417
57.0137786666666717 9.98622083333333417
57.013779510 9.98622099999999917
57.0137783333333317 9.98622183333333317
57.0137779 9.98622183333333317
57.0137769 9.98622233333333417
57.0137768333333317 9.9862248
57.013777510 9.98622483333333317
57.013779510 9.98622666666666517
57.0137803333333417 9.98622716666666817
57.0137821666666717 9.98622816666666717
57.0137841666666717 9.98623016666666717
57.0137851666666617 9.98623233333333417
57.013786510 9.98623433333333417
57.0137881666666617 9.98623716666666717
57.0137893333333417 9.98623916666666617
57.0137899 9.98623933333333217
57.0137906666666717 9.98624133333333417
57.0137916666666717 9.98624359
57.0137928333333317 9.9862458
57.0137894999999917 9.98624399999999917
57.013798 9.98624399999999917
57.013798 9.98624483333333217
57.0137906666666717 9.98624550000000117
57.0137921666666717 9.98624659
57.0137921666666717 9.98624683333333317
57.0137931666666717 9.98624733333333317
57.0137926666666717 9.98624859
57.0137933333333317 9.98624916666666717
57.0137936666666617 9.98625016666666617
57.0137938333333317 9.98625159
57.0137953333333317 9.98625266666666717
57.0137979 9.98625400000000117
57.0137976666666717 9.98625516666666617
57.0137971666666717 9.98625566666666717
57.0137961666666717 9.98625633333333317
57.0137956666666717 9.98625616666666517
57.0137956666666717 9.98625659
57.0137953333333317 9.9862578
57.0137948333333417 9.98625833333333417
57.0137948333333417 9.98626016666666617
57.0137936666666617 9.98625866666666617
57.0137928333333317 9.98625799999999917
57.0137916666666717 9.98625833333333417
57.013791510 9.98625749999999917
57.013791510 9.98625659
57.0137913333333317 9.98625533333333417
57.0137916666666717 9.9862558
57.013791510 9.98625449999999917
57.0137923333333317 9.98625316666666617
57.0137921666666717 9.98625216666666717
57.0137918333333417 9.98625099999999917
57.0137918333333417 9.98624959
57.0137929 9.98624783333333417
57.013792510 9.98624683333333317
57.0137928333333317 9.98624516666666717
57.013793510 9.98624266666666717
57.013793510 9.98624066666666717
57.0137938333333317 9.98623916666666617
57.0137943333333317 9.98623759
57.013795510 9.98623699999999917
57.0137976666666717 9.9862368
57.0138001666666617 9.98623466666666617
57.0138029 9.98623266666666617
57.0138041666666717 9.98623183333333317
57.0138066666666717 9.98623033333333317
57.0138091666666717 9.9862298
57.0138129 9.98622766666666617
57.0138149 9.98622583333333417
57.013815510 9.98622433333333217
57.0138166666666617 9.98622383333333217
57.0138176666666717 9.98622333333333317
57.0138186666666717 9.98622300000000117
57.0138186666666717 9.98622300000000117
57.013819510 9.98622266666666617
57.013828 9.98622249999999817
57.0138198333333417 9.98622316666666717
57.0138196666666717 9.98622233333333417
57.0138193333333317 9.98622166666666717
57.0138199 9.9862228
57.0138193333333317 9.98622316666666717
57.0138199 9.9862248
57.0138178333333317 9.98622483333333317
57.013816510 9.98622559
57.0138159 9.98622683333333317
57.0138136666666617 9.98622759
57.0138116666666717 9.98622849999999917
57.013818 9.98622983333333317
57.0138083333333317 9.98623216666666717
57.0138058333333317 9.98623416666666617
57.0138033333333417 9.98623566666666717
57.0138011666666717 9.98623733333333317
57.013799510 9.98623883333333317
57.0137988333333317 9.986247
57.0137973333333417 9.98624116666666617
57.0137963333333317 9.98624233333333317
57.0137969 9.98624416666666717
57.0137951666666617 9.98624633333333417
57.013794510 9.98624900000000117
57.0137936666666617 9.98625216666666717
57.013792510 9.98625483333333417
57.0137913333333317 9.98625733333333317
57.0137901666666717 9.98625859
57.0137894999999917 9.98626083333333317
57.0137894999999917 9.98626233333333217
57.013788510 9.98626216666666617
57.0137889 9.9862628
57.0137883333333317 9.98626133333333317
57.0137888333333317 9.98626059
57.0137883333333317 9.98626016666666617
57.013788510 9.98626066666666617
57.0137888333333317 9.98626166666666717
57.013798 9.98626233333333217
57.0137911666666617 9.98626259
57.0137918333333417 9.98626259
57.0137923333333317 9.98626216666666617
57.013793510 9.98626183333333417
57.0137943333333317 9.98626183333333417
57.0137946666666717 9.9862628
57.0137948333333417 9.98626133333333317
57.013794510 9.98626059
57.0137946666666717 9.98626083333333317
57.0137948333333417 9.98626083333333317
57.0137943333333317 9.98626083333333317
57.013794510 9.98626016666666617
57.0137941666666617 9.98625966666666717
57.0137946666666717 9.98625883333333217
57.0137948333333417 9.98625833333333417
57.0137953333333317 9.98625733333333317
57.013795510 9.98625616666666517
57.0137969 9.9862558
57.0137966666666617 9.98625433333333317
57.0137989 9.98625400000000117
57.0137976666666717 9.98625333333333417
57.0137976666666717 9.98625366666666617
57.0137978333333417 9.98625400000000117
57.0137976666666717 9.98625533333333417
57.0137979 9.9862558
57.0137966666666617 9.98625599999999917
57.0137961666666717 9.98625749999999917
57.0137953333333317 9.98625833333333417
57.0137933333333317 9.98625859
57.0137939 9.98625966666666717
57.0137928333333317 9.98626100000000117
57.0137926666666717 9.98626166666666717
57.0137913333333317 9.98626133333333317
57.0137911666666617 9.9862628
57.013798 9.98626333333333317
57.0137898333333317 9.98626366666666617
57.0137891666666717 9.98626366666666617
57.0137871666666717 9.98626216666666617
57.0137853333333317 9.98626059
57.0137843333333317 9.98625949999999917
57.0137843333333317 9.986267
57.013783510 9.98625916666666717
57.0137828333333317 9.98625883333333217
57.013782510 9.98625866666666617
57.0137839 9.98625883333333217
57.013783510 9.98625833333333417
57.0137828333333317 9.98625816666666717
57.0137839 9.98625783333333317
57.0137839 9.98625933333333317
57.0137831666666717 9.9862598
57.013783510 9.98625816666666717
57.0137839999999917 9.98625816666666717
57.0137843333333317 9.98625949999999917
57.0137846666666717 9.98625933333333317
57.0137868333333317 9.986267
57.0137886666666617 9.986267
57.013790510 9.98625883333333217
57.013792510 9.98625799999999917
57.0137941666666617 9.98625659
57.0137959 9.98625483333333417
57.0137969 9.98625433333333317
57.013796510 9.98625316666666617
57.0137973333333417 9.98625283333333317
57.0137986666666717 9.98625233333333317
57.0138003333333417 9.98625216666666717
57.0138021666666617 9.98625216666666717
57.0138049 9.98625133333333417
57.0138053333333317 9.98625116666666717
57.0138063333333317 9.98625066666666717
57.0138078333333317 9.98624959
57.0138086666666717 9.98624833333333417
57.013818 9.98624766666666717
57.0138119 9.98624700000000117
57.0138121666666717 9.98624666666666617
57.0138133333333317 9.98624566666666717
57.0138143333333417 9.98624633333333417
57.013814510 9.98624683333333317
57.0138159 9.98624633333333417
57.0138169 9.98624533333333317
57.0138156666666717 9.98624416666666717
57.0138156666666717 9.98624283333333417
57.0138179 9.98624266666666717
57.0138186666666717 9.98624266666666717
57.0138193333333317 9.98624166666666617
57.013828 9.98624159
57.0138203333333417 9.98624066666666717
57.013820510 9.98623959
57.0138219 9.98623959
57.0138211666666717 9.986247
57.0138223333333317 9.98624166666666617
57.013823510 9.98624249999999917
57.0138246666666617 9.98624266666666717
57.013826510 9.9862438
57.0138289 9.98624200000000117
57.0138301666666617 9.98624183333333317
57.0138329 9.98624233333333317
57.0138359 9.98624183333333317
57.0138368333333417 9.98624159
57.0138401666666617 9.98624216666666717
57.0138418333333317 9.98624200000000117
57.0138431666666717 9.98624316666666617
57.0138441666666717 9.98624399999999917
57.013845510 9.98624516666666717
57.0138468333333317 9.98624583333333317
57.013848510 9.98624666666666617
57.0138493333333317 9.98624816666666617
57.0138501666666617 9.98624916666666717
57.0138511666666717 9.98625083333333317
57.0138521666666717 9.9862538
57.0138526666666617 9.98625559
57.0138549 9.9862578
57.0138559 9.9862598
57.0138558333333317 9.98626033333333417
57.013855510 9.98626116666666717
57.0138556666666617 9.98626083333333317
57.013856510 9.98626033333333417
57.0138576666666717 9.98626100000000117
57.0138586666666617 9.98626233333333217
57.0138593333333417 9.98626316666666717
57.0138619 9.98626383333333417
57.0138621666666617 9.9862658
57.013864510 9.98626716666666617
57.0138663333333317 9.98626800000000117
57.0138681666666717 9.98626816666666717
57.0138691666666717 9.98626916666666617
57.0138696666666617 9.98626950000000117
57.013878 9.9862698
57.0138701666666617 9.98626933333333317
57.0138701666666617 9.98626866666666617
57.013878 9.98626749999999917
57.013870510 9.98626666666666717
57.0138706666666717 9.98626783333333317
57.0138701666666617 9.98626766666666717
57.0138698333333317 9.98626800000000117
57.013870510 9.9862698
57.0138708333333417 9.98626950000000117
57.0138719 9.9862718
57.0138713333333317 9.9862728
57.0138713333333317 9.98627316666666717
57.0138718333333317 9.98627383333333417
57.013872510 9.9862748
57.0138731666666617 9.98627366666666717
57.0138738333333417 9.9862748
57.0138748333333317 9.98627416666666617
57.0138753333333317 9.98627416666666617
57.0138763333333417 9.98627459
57.0138771666666717 9.98627559
57.013877510 9.9862768
57.0138781666666617 9.98627583333333417
57.0138799 9.9862768
57.0138803333333317 9.98627533333333317
57.0138811666666617 9.98627483333333317
57.0138839 9.9862748
57.013884510 9.98627316666666717
57.0138871666666617 9.98627066666666617
57.0138901666666717 9.98626749999999917
57.0138939 9.98626716666666617
57.0138956666666717 9.98626649999999917
57.013898510 9.98626466666666517
57.013901510 9.98626283333333317
57.0139036666666617 9.98626149999999917
57.0139069 9.98625983333333317
57.0139081666666717 9.98625833333333417
57.013918 9.98625666666666617
57.0139108333333317 9.98625683333333417
57.0139116666666717 9.98625683333333417
57.0139123333333317 9.98625633333333317
57.0139131666666717 9.98625483333333417
57.0139136666666717 9.98625266666666717
57.0139139 9.98624933333333317
57.0139131666666717 9.98624733333333317
57.0139149 9.9862458
57.0139141666666717 9.98624366666666717
57.0139134999999917 9.98624016666666717
57.0139126666666617 9.98623683333333317
57.0139129 9.98623183333333317
57.0139111666666717 9.98622516666666717
57.0139108333333317 9.98621999999999917
57.0139106666666717 9.98621833333333317
57.0139101666666717 9.98621616666666717
57.0139096666666617 9.9862148
57.0139098333333417 9.98621416666666717
57.0139101666666717 9.98621366666666617
57.0139103333333417 9.98621159
57.0139103333333417 9.98621033333333417
57.0139101666666717 9.98620766666666717
57.0139108333333317 9.98620583333333317
57.0139106666666717 9.98620433333333317
57.013910510 9.98620266666666717
57.0139113333333317 9.98620183333333417
57.0139118333333317 9.98620133333333417
57.0139129 9.98619983333333417
57.0139123333333317 9.98619916666666717
57.0139121666666617 9.98619866666666717
57.0139129 9.98619866666666717
57.0139118333333317 9.98619933333333317
57.013911510 9.98619933333333317
57.0139108333333317 9.9861988
57.0139103333333417 9.98619749999999917
57.0139091666666617 9.98619716666666717
57.0139088333333317 9.98619659
57.0139088333333317 9.98619633333333417
57.0139099 9.98619616666666617
57.0139086666666717 9.98619566666666517
57.0139078333333317 9.9861968
57.0139068333333317 9.98619633333333417
57.0139079 9.98619833333333217
57.0139079 9.98619966666666617
57.0139079 9.98620033333333317
57.0139061666666617 9.9862028
57.0139058333333317 9.98620333333333417
57.0139048333333317 9.98620566666666717
57.0139043333333417 9.98620699999999917
57.0139031666666717 9.98620966666666717
57.0139026666666717 9.98621183333333417
57.0139026666666717 9.98621359
57.0139033333333317 9.98621466666666717
57.0139039 9.98621566666666617
57.013901510 9.98621666666666717
57.0139011666666617 9.98621766666666717
57.0139003333333317 9.98621783333333317
57.0138996666666717 9.98621933333333317
57.0139006666666617 9.98622183333333317
57.013900510 9.98622499999999917
57.0139008333333317 9.98622833333333317
57.0139018333333417 9.98623150000000117
57.0139019999999917 9.98623549999999917
57.0139016666666717 9.98623683333333317
57.0139016666666717 9.9862388
57.0139021666666617 9.98623983333333417
57.0139008333333317 9.98624016666666717
57.0138993333333317 9.98624266666666717
57.0138964999999917 9.98624366666666717
57.0138961666666717 9.98624466666666617
57.013894510 9.98624633333333417
57.0138953333333317 9.98624916666666717
57.0138979 9.98625083333333317
57.0138946666666717 9.98625116666666717
57.013893510 9.98625066666666717
57.0138911666666717 9.98625250000000117
57.013898 9.98625533333333417
57.0138888333333317 9.98625833333333417
57.0138881666666717 9.98626266666666717
57.0138849 9.9862658
57.013878510 9.98626833333333317
57.0138703333333417 9.98626749999999917
57.0138643333333317 9.98626859
57.0138619 9.98626933333333317
57.013857510 9.9862718
57.0138536666666717 9.98627149999999917
57.0138501666666617 9.98627166666666517
57.0138436666666717 9.98626950000000117
57.0138399 9.98626816666666717
57.0138349 9.98626733333333417
57.0138319 9.98626616666666717
57.0138306666666617 9.98626616666666717
57.0138303333333317 9.98626859
57.0138299 9.98626859
57.0138268333333317 9.98626616666666717
57.013830510 9.98626559
57.0138316666666717 9.98626483333333317
57.0138298333333317 9.9862648
57.0138303333333317 9.98626483333333317
57.0138311666666717 9.98626666666666717
57.0138326666666717 9.98626559
57.0138299 9.98626216666666617
57.0138276666666617 9.98625916666666717
57.0138293333333317 9.98625633333333317
57.0138296666666717 9.98625416666666717
57.0138298333333317 9.98625316666666617
57.0138298333333317 9.98625283333333317
57.013831510 9.98625316666666617
57.0138328333333317 9.98625283333333317
57.013833510 9.98625116666666717
57.0138359 9.98625216666666717
57.013838510 9.98625383333333317
57.0138413333333317 9.98625583333333317
57.0138436666666717 9.98625799999999917
57.013849510 9.9862628
57.013854510 9.98626600000000117
57.0138591666666717 9.98626766666666717
57.0138588333333317 9.98626766666666717
57.0138601666666717 9.9862698
57.0138603333333317 9.98626983333333317
57.013862510 9.98626983333333317
57.013861510 9.98626933333333317
57.0138631666666717 9.98626633333333317
57.0138641666666617 9.9862648
57.013863510 9.98626333333333317
57.0138633333333317 9.98626359
57.0138626666666717 9.98626299999999917
57.0138606666666717 9.98626183333333417
57.0138608333333317 9.98626266666666717
57.0138571666666617 9.98627283333333317
57.013854510 9.98628266666666617
57.0138549 9.98628383333333317
57.0138549 9.98628416666666617
57.013854510 9.98628316666666617
57.0138556666666617 9.98628259
57.0138578333333317 9.98628233333333317
57.0138599 9.98628259
57.0138606666666717 9.98628166666666717
57.0138629 9.98628116666666617
57.0138628333333317 9.98628083333333417
57.013862510 9.98627983333333317
57.0138621666666617 9.98627983333333317
57.0138616666666617 9.98628083333333417
57.0138613333333317 9.98628183333333317
57.0138611666666617 9.98628049999999917
57.0138603333333317 9.98627833333333317
57.0138588333333317 9.98627650000000117
57.013858510 9.98627516666666717
57.0138581666666717 9.98627383333333417
57.0138591666666717 9.98627416666666617
57.013868 9.98627316666666717
57.013860510 9.98627300000000117
57.0138618333333317 9.98627349999999917
57.0138631666666717 9.98627459
57.0138631666666717 9.9862748
57.013863510 9.98627349999999917
57.013864510 9.98627383333333417
57.0138669 9.98627466666666717
57.0138583333333317 9.98626933333333317
57.0138541666666717 9.98626616666666717
57.0138498333333317 9.98626359
57.0138489 9.98626016666666617
57.0138451666666617 9.98625716666666617
57.0138428333333417 9.98625533333333417
57.0138406666666717 9.98625449999999917
57.0138393333333417 9.98625333333333417
57.0138391666666617 9.98625216666666717
57.0138396666666717 9.98625166666666617
57.0138396666666717 9.98625099999999917
57.0138386666666617 9.98624933333333317
57.0138383333333317 9.9862488
57.0138383333333317 9.98624666666666617
57.0138376666666717 9.98624483333333217
57.0138378333333317 9.98624249999999917
57.0138389 9.98624016666666717
57.0138361666666617 9.98624049999999917
57.013835510 9.98624033333333317
57.0138359 9.98624049999999917
57.0138333333333317 9.98624066666666717
57.0138329 9.98623959
57.0138318333333317 9.98623716666666717
57.013831510 9.98623466666666617
57.0138318333333317 9.98623283333333417
57.0138318333333317 9.98623083333333417
57.0138301666666617 9.98623116666666617
57.0138289 9.9862318
57.0138269 9.98623000000000117
57.0138259 9.98622983333333317
57.0138253333333417 9.98622933333333217
57.0138253333333417 9.98622833333333317
57.0138243333333317 9.98622849999999917
57.0138236666666717 9.98622966666666717
57.0138231666666717 9.98623066666666617
57.0138223333333317 9.98623216666666717
57.013820510 9.98623683333333317
57.0138198333333417 9.98623866666666717
57.013819510 9.98623816666666617
57.0138183333333317 9.98623959
57.0138166666666617 9.9862418
57.0138158333333317 9.98624016666666717
57.013814510 9.98624016666666717
57.013812510 9.98624233333333317
57.0138106666666617 9.98624333333333217
57.0138098333333317 9.98624200000000117
57.013809510 9.98624049999999917
57.0138089 9.98623983333333417
57.013807510 9.98623783333333417
57.013805510 9.98623866666666717
57.013803510 9.98624033333333317
57.0138018333333317 9.98624166666666617
57.01387 9.98624216666666717
57.0137973333333417 9.98624283333333417
57.0137951666666617 9.98624183333333317
57.0137936666666617 9.98624066666666717
57.0137921666666717 9.98624033333333317
57.0137919 9.98624116666666617
57.0137903333333317 9.98624200000000117
57.0137888333333317 9.98624383333333317
57.0137878333333317 9.98624483333333217
57.0137868333333317 9.98624550000000117
57.0137858333333317 9.98624550000000117
57.0137859 9.98624533333333317
57.013783510 9.98624566666666717
57.0137828333333317 9.98624566666666717
57.0137819 9.98624859
57.0137796666666617 9.98624859
57.0137793333333317 9.98624900000000117
57.0137786666666717 9.98624916666666717
57.013777510 9.98625133333333417
57.0137771666666617 9.98624966666666617
57.013776510 9.98624783333333417
57.013775510 9.98624683333333317
57.0137748333333417 9.98624583333333317
57.0137743333333317 9.98624516666666717
57.0137731666666717 9.98624516666666717
57.0137718333333417 9.98624550000000117
57.0137713333333317 9.98624533333333317
57.013770510 9.98624749999999917
57.0137703333333317 9.98624783333333417
57.0137683333333317 9.98625216666666717
57.0137668333333417 9.98625483333333417
57.0137656666666617 9.98625733333333317
57.0137648333333317 9.98625816666666717
57.013763510 9.98625966666666717
57.0137623333333317 9.98626116666666717
57.0137616666666717 9.98626166666666717
57.0137596666666717 9.98626333333333317
57.0137576666666617 9.98626566666666617
57.0137558333333317 9.98626783333333317
57.0137538333333317 9.98626933333333317
57.0137516666666617 9.98627183333333317
57.013749510 9.98627383333333417
57.0137469 9.98627650000000117
57.0137431666666617 9.9862798
57.013740510 9.98628083333333417
57.0137388333333317 9.98628259
57.0137366666666717 9.98628399999999917
57.0137346666666617 9.98628566666666717
57.0137331666666617 9.98628659
57.0137329 9.98628866666666717
57.0137311666666717 9.98628983333333217
57.0137303333333317 9.98628966666666617
57.013730510 9.98628850000000117
57.0137303333333317 9.98628850000000117
57.0137296666666717 9.98629033333333317
57.0137283333333317 9.98629159
57.0137276666666617 9.98629233333333317
57.0137271666666717 9.98629359
57.0137268333333417 9.98629383333333317
57.0137261666666617 9.98629466666666617
57.0137253333333317 9.98629516666666617
57.0137248333333317 9.98629566666666517
57.0137259 9.98629533333333317
57.0137246666666717 9.98629533333333317
57.0137236666666617 9.98629566666666517
57.0137233333333317 9.98629616666666717
57.0137223333333317 9.98629733333333317
57.013721510 9.9862988
57.0137208333333317 9.9862988
57.013719510 9.98629766666666717
57.0137178333333317 9.98629716666666717
57.0137166666666717 9.98629716666666717
57.013715510 9.98629716666666717
57.0137153333333317 9.98629599999999917
57.0137159 9.98629516666666617
57.0137149 9.9862958
57.0137123333333317 9.98629459
57.013710510 9.98629316666666617
57.0137091666666617 9.98629183333333317
57.0137083333333317 9.98629016666666717
57.0137091666666617 9.98628816666666617
57.013709510 9.9862868
57.0137088333333317 9.98628283333333417
57.0137099 9.98628049999999917
57.0137088333333317 9.98627933333333417
57.013718 9.98627583333333417
57.013709510 9.98627333333333317
57.0137083333333317 9.98627149999999917
57.0137089 9.98626983333333317
57.013708510 9.98626749999999917
57.0137093333333317 9.98626516666666617
57.0137103333333417 9.9862648
57.0137113333333317 9.98626316666666717
57.0137129 9.98626216666666617
57.0137119 9.98626116666666717
57.0137129 9.986267
57.0137136666666717 9.98625933333333317
57.0137146666666717 9.98625883333333217
57.0137156666666717 9.98625749999999917
57.0137163333333317 9.98625659
57.0137176666666617 9.98625583333333317
57.013718510 9.98625533333333417
57.013720510 9.9862558
57.0137233333333317 9.98625483333333417
57.0137256666666717 9.98625400000000117
57.0137276666666617 9.98625316666666617
57.0137306666666717 9.98625199999999917
57.0137331666666617 9.98625099999999917
57.0137363333333317 9.98625033333333317
57.0137389999999917 9.98624933333333317
57.0137419 9.98624833333333417
57.0137413333333417 9.98624566666666717
57.0137441666666717 9.9862458
57.0137463333333317 9.9862438
57.0137491666666617 9.98624133333333417
57.0137513333333317 9.98624183333333317
57.013751510 9.98624133333333417
57.0137526666666717 9.9862418
57.013754510 9.98624116666666617
57.0137548333333317 9.98624016666666717
57.0137561666666717 9.98623916666666617
57.0137583333333417 9.98623883333333317
57.0137616666666717 9.98623783333333417
57.0137648333333317 9.98623583333333417
57.0137689 9.98623366666666717
57.013770510 9.98623183333333317
57.0137726666666617 9.98623016666666717
57.0137753333333417 9.98622866666666717
57.013777510 9.98622716666666817
57.013788 9.98622559
57.013781510 9.98622383333333217
57.0137839 9.98622249999999817
57.0137843333333317 9.98622166666666717
57.0137861666666717 9.98622099999999917
57.0137878333333317 9.98622033333333417
57.0137894999999917 9.98621983333333317
57.0137919 9.98621966666666517
57.0137929 9.98621966666666517
57.0137931666666717 9.98622066666666617
57.013794510 9.9862228
57.0137956666666717 9.98622283333333317
57.0137979 9.98622383333333217
57.0137981666666717 9.98622466666666717
57.0137988333333317 9.98622559
57.0137993333333317 9.98622633333333317
57.0137998333333317 9.98622616666666717
57.0138001666666617 9.98622649999999917
57.0138019 9.98622716666666817
57.0138011666666717 9.98622783333333317
57.0138026666666617 9.98622959
57.0138036666666717 9.98623083333333417
57.0138046666666717 9.98623283333333417
57.0138053333333317 9.98623483333333317
57.0138058333333317 9.98623649999999917
57.013806510 9.9862388
57.0138068333333317 9.98623916666666617
57.0138068333333317 9.98624049999999917
57.0138068333333317 9.98624116666666617
57.0138068333333317 9.98624183333333317
57.0138063333333317 9.98624216666666717
57.0138051666666617 9.9862438
57.0138036666666717 9.98624383333333317
57.0138023333333317 9.98624383333333317
57.0137998333333317 9.98624459
57.0137976666666717 9.98624466666666617
57.0137963333333317 9.98624516666666717
57.0137946666666717 9.98624516666666717
57.0137939 9.98624533333333317
57.0137921666666717 9.98624483333333217
57.0137908333333317 9.9862458
57.013798 9.98624483333333217
57.0137886666666617 9.98624399999999917
57.0137876666666717 9.98624316666666617
57.0137866666666717 9.98624283333333417
57.0137856666666617 9.98624316666666617
57.013784510 9.98624316666666617
57.013783510 9.98624359
57.0137813333333317 9.98624433333333417
57.013788 9.98624516666666717
57.0137788333333317 9.9862458
57.013777510 9.98624516666666717
57.0137779 9.98624550000000117
57.013776510 9.98624633333333417
57.0137769 9.98624700000000117
57.0137758333333317 9.98624749999999917
57.0137761666666717 9.98624766666666717
57.0137769 9.98624816666666617
57.013776510 9.98624866666666717
57.0137776666666717 9.98624966666666617
57.0137786666666717 9.98625066666666717
57.013788 9.98625183333333417
57.0137803333333417 9.98625250000000117
57.0137803333333417 9.98625266666666717
57.0137819 9.98625333333333417
57.0137816666666717 9.98625449999999917
57.0137823333333317 9.98625559
57.0137833333333417 9.98625583333333317
57.0137841666666717 9.98625659
57.0137851666666617 9.98625733333333317
57.0137858333333317 9.98625816666666717
57.0137871666666717 9.9862598
57.0137883333333317 9.98625883333333217
57.0137898333333317 9.98625859
57.0137911666666617 9.98625799999999917
57.0137923333333317 9.98625716666666617
57.013793510 9.98625616666666517
57.013794510 9.98625559
57.0137961666666717 9.98625483333333417
57.0137973333333417 9.98625383333333317
57.0137981666666717 9.98625283333333317
57.013799510 9.98625166666666617
57.0138008333333317 9.98625033333333317
57.0138018333333317 9.98624833333333417
57.0138031666666717 9.98624616666666617
57.013804510 9.98624459
57.0138058333333317 9.98624266666666717
57.0138071666666717 9.98624116666666617
57.0138083333333317 9.986247
57.0138093333333317 9.98623883333333317
57.0138103333333317 9.98623766666666617
57.013811510 9.98623666666666717
57.0138123333333317 9.98623533333333317
57.0138131666666717 9.9862348
57.0138143333333417 9.98623259
57.013815510 9.98623150000000117
57.013816510 9.98623016666666717
57.0138171666666717 9.98622866666666717
57.0138176666666717 9.98622733333333417
57.0138178333333317 9.98622633333333317
57.0138181666666717 9.98622499999999917
57.013818510 9.98622383333333217
57.0138188333333317 9.9862228
57.0138193333333317 9.98622059
57.0138201666666717 9.98621933333333317
57.0138208333333317 9.98621799999999917
57.0138213333333317 9.98621666666666717
57.0138218333333317 9.98621533333333417
57.013822510 9.98621366666666617
57.0138231666666717 9.98621216666666617
57.0138249 9.98621083333333317
57.0138248333333317 9.98621016666666617
57.0138251666666617 9.98620900000000117
57.0138256666666717 9.98620833333333217
57.0138258333333417 9.98620733333333317
57.0138258333333417 9.98620633333333417
57.0138253333333417 9.98620566666666717
57.0138253333333417 9.98620433333333317
57.0138259 9.98620366666666617
57.0138248333333317 9.98620333333333417
57.0138246666666617 9.98620283333333317
57.013824510 9.98620216666666717
57.0138248333333317 9.98620166666666617
57.0138248333333317 9.98620083333333317
57.0138251666666617 9.98620050000000117
57.0138253333333417 9.98620033333333317
57.0138256666666717 9.98619966666666617
57.013825510 9.98619959
57.0138263333333317 9.98619983333333417
57.0138263333333317 9.98619899999999917
57.0138271666666717 9.98619859
57.013827510 9.98619749999999917
57.0138278333333317 9.98619766666666717
57.013828510 9.98619749999999917
57.0138283333333417 9.98619733333333317
57.0138286666666717 9.98619683333333317
57.0138288333333317 9.98619583333333317
57.0138288333333317 9.98619466666666617
57.0138299 9.98619483333333417
57.0138286666666717 9.98619583333333317
57.013828510 9.98619583333333317
57.0138286666666717 9.98619666666666617
57.013828510 9.98619816666666617
57.0138278333333317 9.98619983333333417
57.0138271666666717 9.98620166666666617
57.013826510 9.98620233333333317
57.0138261666666717 9.98620249999999917
57.0138253333333417 9.98620433333333317
57.0138246666666617 9.98620550000000117
57.0138246666666617 9.98620466666666817
57.0138246666666617 9.98620599999999917
57.0138238333333317 9.98620783333333317
57.0138231666666717 9.98620859
57.013822510 9.98620833333333217
57.0138203333333417 9.98620750000000117
57.013828 9.98620949999999917
57.0138206666666717 9.98621233333333317
57.0138213333333317 9.98621483333333317
57.0138219 9.98621566666666617
57.013828 9.98621600000000117
57.013819510 9.98621733333333417
57.0138201666666717 9.98622059
57.0138193333333317 9.9862228
57.0138196666666717 9.98622349999999917
57.013819510 9.98622533333333417
57.0138196666666717 9.98622666666666517
57.0138201666666717 9.98622833333333317
57.0138199 9.98622716666666817
57.0138178333333317 9.98622716666666817
57.013817510 9.98622783333333317
57.0138158333333317 9.98622849999999917
57.0138138333333317 9.98622733333333417
57.0138123333333317 9.98622616666666717
57.0138121666666717 9.98622633333333317
57.013812510 9.98622716666666817
57.0138131666666717 9.98622816666666717
57.0138149 9.9862318
57.0138151666666717 9.98623216666666717
57.0138156666666717 9.9862348
57.013815510 9.98623333333333317
57.0138151666666717 9.98623466666666617
57.0138143333333417 9.98623366666666717
57.0138146666666717 9.98623366666666717
57.0138138333333317 9.98623233333333417
57.0138126666666717 9.98623066666666617
57.0138113333333317 9.9862268
57.0138101666666717 9.98622099999999917
57.0138078333333317 9.98621583333333317
57.0138061666666717 9.98621016666666617
57.0138033333333417 9.98619916666666717
57.0138039 9.98619216666666717
57.013801510 9.98618916666666617
57.01387 9.98618666666666717
57.0137981666666717 9.9861848
57.0137966666666617 9.98618183333333317
57.0137951666666617 9.98618133333333317
57.0137936666666617 9.98617933333333217
57.0137916666666717 9.98617849999999917
57.0137891666666717 9.98617800000000117
57.013787510 9.98617866666666717
57.0137863333333417 9.98617483333333317
57.0137858333333317 9.98617183333333417
57.0137869 9.98617233333333417
57.0137861666666717 9.98617499999999917
57.0137856666666617 9.9861748
57.0137869 9.98617166666666717
57.0137886666666617 9.98617216666666617
57.0137893333333417 9.98617416666666617
57.0137898333333317 9.98617466666666717
57.0137901666666717 9.98617499999999917
57.013798 9.98617566666666617
57.0137893333333417 9.98617649999999917
57.0137873333333317 9.98617683333333317
