57.0137999 9.98616983333333317
57.0137996666666617 9.98617100000000117
57.0138006666666617 9.98617166666666717
57.0138011666666717 9.98617216666666617
57.0138013333333317 9.98617316666666717
57.013801510 9.98617300000000117
57.013801510 9.98617366666666617
57.013801510 9.98617383333333417
57.0138008333333317 9.98617533333333417
57.013801510 9.98617633333333317
57.0138016666666717 9.98617666666666717
57.0138018333333317 9.9861778
57.0138021666666617 9.98617833333333317
57.0138029 9.98617966666666717
57.0138029 9.98617959
57.0138018333333317 9.98617983333333317
57.0138023333333317 9.98617966666666717
57.0138029 9.98617959
57.013801510 9.98617933333333217
57.0138011666666717 9.98617983333333317
57.0138019 9.98617966666666717
57.0138008333333317 9.98617959
57.0138008333333317 9.98617959
57.0138008333333317 9.98617999999999917
57.0138011666666717 9.98618116666666617
57.0138013333333317 9.98618166666666717
57.0138016666666717 9.98618199999999917
57.0138029 9.98618266666666617
57.0138026666666617 9.98618316666666717
57.0138033333333417 9.98618349999999917
57.013804510 9.98618383333333317
57.013805510 9.98618333333333317
57.0138069 9.98618259
57.0138061666666717 9.98618216666666717
57.0138066666666717 9.98618233333333417
57.0138071666666717 9.98618233333333417
57.013807510 9.98618166666666717
57.0138081666666617 9.98618233333333417
57.0138088333333417 9.98618259
57.013818 9.98618259
57.0138119 9.98618166666666717
57.0138118333333417 9.98618116666666617
57.0138121666666717 9.98618083333333417
57.0138129 9.98618059
57.0138118333333417 9.98618066666666617
57.0138121666666717 9.98617916666666617
57.0138128333333317 9.98617716666666617
57.0138139 9.98617583333333417
57.013812510 9.98617483333333317
57.0138123333333317 9.98617366666666617
57.0138121666666717 9.98617259
57.0138118333333417 9.98617149999999917
57.0138113333333317 9.986177
57.0138106666666617 9.98616866666666617
57.0138113333333317 9.98616566666666617
57.013811510 9.98616283333333317
57.013811510 9.98616233333333317
57.0138113333333317 9.98616250000000117
57.0138118333333417 9.98616183333333417
57.0138121666666717 9.98616159
57.0138118333333417 9.98616299999999917
57.0138129 9.98616266666666717
57.013811510 9.98616333333333217
57.0138129 9.98616299999999917
57.0138129 9.98616083333333317
57.0138129 9.98615859
57.013812510 9.98615633333333417
57.0138128333333317 9.98615316666666617
57.0138128333333317 9.98615049999999917
57.0138128333333317 9.98614850000000117
57.0138128333333317 9.98614833333333317
57.0138126666666717 9.98614899999999917
57.0138126666666717 9.98614916666666717
57.0138139 9.98614850000000117
57.0138139 9.9861468
57.0138123333333317 9.98614366666666717
57.0138111666666617 9.98614133333333417
57.0138103333333317 9.98613966666666617
57.0138098333333317 9.98613849999999917
57.0138101666666717 9.98613699999999917
57.0138096666666717 9.98613516666666517
57.0138096666666717 9.98613416666666617
57.0138101666666717 9.98613259
57.0138103333333317 9.98613166666666717
57.013818 9.98613133333333317
57.013809510 9.98613116666666717
57.0138081666666617 9.98613349999999917
57.0138063333333317 9.98613783333333217
57.0138056666666617 9.98613783333333217
57.0138053333333317 9.98613666666666717
57.0138041666666717 9.98613566666666617
57.013802510 9.98613483333333317
57.0138008333333317 9.98613433333333417
57.0137996666666617 9.98613383333333217
57.0137988333333317 9.98613283333333317
57.0137971666666717 9.98613459
57.0137953333333317 9.98613616666666617
57.0137926666666717 9.98613583333333417
57.013791510 9.98613416666666617
57.0137911666666617 9.98613383333333217
57.0137908333333317 9.9861348
57.0137903333333317 9.98613466666666717
57.0137903333333317 9.98613459
57.013790510 9.98613500000000117
57.0137908333333317 9.98613683333333317
57.0137929 9.98613566666666617
57.0137923333333317 9.98613699999999917
57.013793510 9.98614183333333317
57.0137931666666717 9.98614850000000117
57.0137926666666717 9.98615049999999917
57.0137916666666717 9.98615283333333417
57.0137911666666617 9.98615433333333317
